The framebuffer device was opened successfully.
1366x768, 32bpp
119 10
129 10
139 10
149 10
159 10
169 10
179 10
189 10
199 10
209 10
219 10
229 10
239 10
249 10
259 10
269 10
279 10
289 10
299 10
309 10
319 10
329 10
339 10
349 10
359 10
369 10
379 10
389 10
399 10
409 10
340 -10
331 -9
323 -8
316 -7
310 -6
305 -5
301 -4
298 -3
296 -2
295 -1
295 0
295 0
295 0
295 0
295 0
295 0
295 0
295 0
295 0
295 0
295 0
295 0
295 0
295 0
295 0
295 0
295 0
295 0
295 0
295 0
295 0
295 0
295 0
295 0
295 0
295 0
295 0
295 0
295 0
295 0
295 0
295 0
295 0
295 0
295 0
295 0
295 0
295 0
295 0
295 0
295 0
295 0
295 0
295 0
295 0
295 0
295 0
295 0
295 0
295 0
295 0
295 0
295 0
295 0
295 0
295 0
295 0
295 0
295 0
295 0
295 0
295 0
295 0
295 0
295 0
295 0
295 0
295 0
295 0
295 0
295 0
295 0
295 0
295 0
295 0
295 0
295 0
295 0
295 0
295 0
295 0
295 0
295 0
295 0
295 0
295 0
295 0
295 0
295 0
295 0
295 0
295 0
295 0
295 0
295 0
295 0
295 0
295 0
295 0
295 0
295 0
295 0
295 0
295 0
295 0
295 0
295 0
295 0
295 0
295 0
295 0
295 0
295 0
295 0
295 0
295 0
295 0
295 0
295 0
295 0
295 0
295 0
295 0
295 0
295 0
295 0
295 0
295 0
295 0
295 0
295 0
295 0
295 0
295 0
295 0
295 0
295 0
295 0
295 0
295 0
295 0
295 0
295 0
295 0
295 0
295 0
295 0
295 0
295 0
295 0
295 0
295 0
295 0
295 0
295 0
295 0
295 0
295 0
295 0
295 0
295 0
295 0
295 0
295 0
295 0
295 0
295 0
295 0
295 0
295 0
295 0
295 0
295 0
295 0
295 0
295 0
295 0
295 0
295 0
295 0
295 0
295 0
295 0
295 0
295 0
295 0
295 0
295 0
295 0
295 0
295 0
295 0
295 0
295 0
295 0
295 0
295 0
295 0
295 0
295 0
295 0
295 0
295 0
295 0
295 0
295 0
295 0
295 0
295 0
295 0
295 0
295 0
295 0
295 0
295 0
295 0
295 0
295 0
295 0
295 0
295 0
295 0
295 0
295 0
295 0
295 0
295 0
295 0
295 0
295 0
295 0
295 0
295 0
295 0
295 0
295 0
295 0
295 0
295 0
295 0
295 0
295 0
295 0
295 0
295 0
295 0
295 0
295 0
295 0
295 0
295 0
295 0
295 0
295 0
295 0
295 0
295 0
295 0
295 0
295 0
295 0
295 0
295 0
295 0
295 0
295 0
295 0
295 0
295 0
295 0
295 0
295 0
295 0
295 0
295 0
295 0
295 0
295 0
295 0
295 0
295 0
295 0
295 0
295 0
295 0
295 0
295 0
295 0
295 0
295 0
295 0
295 0
295 0
295 0
295 0
295 0
295 0
295 0
295 0
295 0
295 0
295 0
295 0
295 0
295 0
295 0
295 0
295 0
295 0
295 0
295 0
295 0
295 0
295 0
295 0
295 0
295 0
295 0
295 0
295 0
295 0
295 0
295 0
295 0
295 0
295 0
295 0
295 0
295 0
295 0
295 0
295 0
295 0
295 0
295 0
295 0
295 0
295 0
295 0
295 0
295 0
295 0
295 0
295 0
295 0
295 0
295 0
295 0
295 0
295 0
295 0
295 0
295 0
295 0
295 0
295 0
295 0
295 0
295 0
295 0
295 0
295 0
295 0
295 0
295 0
295 0
295 0
295 0
295 0
295 0
295 0
295 0
295 0
295 0
295 0
295 0
295 0
295 0
295 0
295 0
295 0
295 0
295 0
295 0
295 0
295 0
295 0
295 0
295 0
295 0
295 0
295 0
295 0
295 0
295 0
295 0
295 0
295 0
295 0
295 0
295 0
295 0
295 0
295 0
295 0
295 0
295 0
295 0
295 0
295 0
295 0
295 0
295 0
295 0
295 0
295 0
295 0
295 0
295 0
295 0
295 0
295 0
295 0
295 0
295 0
295 0
295 0
295 0
295 0
295 0
295 0
295 0
295 0
295 0
295 0
295 0
295 0
295 0
295 0
295 0
295 0
295 0
295 0
295 0
295 0
295 0
295 0
295 0
295 0
295 0
295 0
295 0
295 0
295 0
295 0
295 0
295 0
295 0
295 0
295 0
295 0
295 0
295 0
295 0
295 0
295 0
295 0
295 0
295 0
295 0
295 0
295 0
295 0
295 0
295 0
295 0
295 0
295 0
295 0
295 0
295 0
295 0
295 0
295 0
295 0
295 0
295 0
295 0
295 0
295 0
295 0
295 0
295 0
295 0
295 0
295 0
295 0
295 0
295 0
295 0
295 0
295 0
295 0
295 0
295 0
295 0
295 0
295 0
295 0
295 0
295 0
295 0
295 0
295 0
295 0
295 0
295 0
295 0
295 0
295 0
295 0
295 0
295 0
295 0
295 0
295 0
295 0
295 0
295 0
295 0
295 0
295 0
295 0
295 0
295 0
295 0
295 0
295 0
295 0
295 0
295 0
295 0
295 0
295 0
295 0
295 0
295 0
295 0
295 0
295 0
295 0
295 0
295 0
295 0
295 0
295 0
295 0
295 0
295 0
295 0
295 0
295 0
295 0
295 0
295 0
295 0
295 0
295 0
295 0
295 0
295 0
295 0
295 0
295 0
295 0
295 0
295 0
295 0
295 0
295 0
295 0
295 0
295 0
295 0
295 0
295 0
295 0
295 0
295 0
295 0
295 0
295 0
295 0
295 0
295 0
295 0
295 0
295 0
295 0
295 0
295 0
295 0
295 0
295 0
295 0
295 0
295 0
295 0
295 0
295 0
295 0
295 0
295 0
295 0
295 0
295 0
295 0
295 0
295 0
295 0
295 0
295 0
295 0
295 0
295 0
2